25 0.908203125 0.3544921875 0.078125 0.60546875
25 0.8193359375 0.3486328125 0.078125 0.630859375
25 0.650390625 0.3466796875 0.07421875 0.615234375
28 0.728515625 0.35546875 0.05078125 0.5859375
28 0.57421875 0.34765625 0.0546875 0.61328125
28 0.5048828125 0.3720703125 0.05859375 0.5625
28 0.404296875 0.3466796875 0.072265625 0.623046875
28 0.3330078125 0.345703125 0.056640625 0.6171875
28 0.265625 0.345703125 0.0625 0.6171875
35 0.130859375 0.162109375 0.1171875 0.1640625
27 0.1220703125 0.591796875 0.11328125 0.26171875
41 0.5703125 0.7265625 0.73828125 0.08984375
41 0.509765625 0.810546875 0.91015625 0.07421875
41 0.5205078125 0.916015625 0.84375 0.09765625